0.1284 0.0653 0.3600 0.2547 0.1916
0.2282 0.0028 0.3690 0.0028 0.3972
0.2000 0.0039 0.4745 0.0039 0.3176
0.6986 0.0029 0.0899 0.1768 0.0319
0.8761 0.0028 0.0028 0.1155 0.0028
0.0824 0.3176 0.0039 0.5922 0.0039
0.2596 0.0043 0.0043 0.6851 0.0468
0.0373 0.0034 0.0373 0.1051 0.8169
0.0026 0.2623 0.1065 0.3662 0.2623
0.0038 0.0038 0.3057 0.2679 0.4189
0.0043 0.0043 0.1745 0.0894 0.7277
0.0041 0.4122 0.0041 0.1265 0.4531
0.0899 0.0609 0.0319 0.2638 0.5536
0.0026 0.3143 0.4701 0.0026 0.2104
0.7962 0.0038 0.0415 0.0038 0.1547
0.0057 0.0057 0.0057 0.2914 0.6914
0.0028 0.0310 0.1437 0.0873 0.7352
0.0023 0.0023 0.2092 0.0483 0.7379
0.0044 0.0044 0.0489 0.1378 0.8044
0.0031 0.4954 0.4031 0.0031 0.0954
0.6861 0.0025 0.1038 0.1797 0.0278
0.6597 0.0030 0.0030 0.0030 0.3313
0.1957 0.3032 0.3032 0.1957 0.0022
0.0034 0.3424 0.0034 0.0373 0.6136
0.7070 0.2845 0.0028 0.0028 0.0028
0.0712 0.0034 0.2068 0.1390 0.5797
0.0301 0.2219 0.5507 0.0027 0.1945
0.3247 0.0022 0.1957 0.2602 0.2172
0.0049 0.4927 0.0049 0.4927 0.0049
0.0038 0.7585 0.0038 0.2302 0.0038
0.8979 0.0043 0.0468 0.0468 0.0043
0.6453 0.1925 0.0038 0.0038 0.1547
0.0065 0.0065 0.5226 0.0065 0.4581
0.1302 0.8603 0.0032 0.0032 0.0032
0.2945 0.5127 0.0764 0.1127 0.0036
0.0564 0.0051 0.3128 0.4667 0.1590
0.0034 0.0034 0.3424 0.2746 0.3763
0.0030 0.1224 0.4806 0.3910 0.0030
0.5934 0.2656 0.1344 0.0033 0.0033
0.0034 0.8169 0.0034 0.0712 0.1051
0.0044 0.2267 0.6267 0.1378 0.0044
0.0041 0.4939 0.4939 0.0041 0.0041
0.3778 0.6000 0.0074 0.0074 0.0074
0.6473 0.0022 0.2817 0.0667 0.0022
0.0038 0.0415 0.9472 0.0038 0.0038
0.0031 0.3108 0.4646 0.0031 0.2185
0.0044 0.0044 0.7156 0.0044 0.2711
0.0069 0.6276 0.0069 0.0759 0.2828
0.0041 0.0041 0.3714 0.0449 0.5755
0.0646 0.0031 0.8646 0.0646 0.0031
0.0039 0.0039 0.7098 0.2784 0.0039
0.0036 0.0400 0.2582 0.6218 0.0764
0.2837 0.0047 0.3767 0.0047 0.3302
0.1584 0.0026 0.5481 0.2623 0.0286
0.9556 0.0032 0.0032 0.0349 0.0032
0.0022 0.3538 0.2440 0.0681 0.3319
0.1024 0.0537 0.4439 0.0049 0.3951
0.0043 0.0043 0.2596 0.4298 0.3021
0.2916 0.4120 0.0024 0.0988 0.1952
0.6314 0.0039 0.1216 0.2392 0.0039
0.3424 0.0034 0.5119 0.1051 0.0373
0.0047 0.0047 0.5163 0.3767 0.0977
0.0025 0.0025 0.6938 0.0025 0.2988
0.9627 0.0293 0.0027 0.0027 0.0027
0.4723 0.0043 0.0043 0.1319 0.3872
0.4189 0.5698 0.0038 0.0038 0.0038
0.0044 0.0489 0.0044 0.4933 0.4489
0.0034 0.2407 0.0034 0.0034 0.7492
0.1547 0.1547 0.3811 0.3057 0.0038
0.0036 0.0764 0.6218 0.0400 0.2582
0.0032 0.1302 0.2254 0.0667 0.5746
0.0049 0.0049 0.2000 0.2488 0.5415
0.0074 0.0074 0.4519 0.2296 0.3037
0.7156 0.1822 0.0044 0.0933 0.0044
0.0044 0.0044 0.0933 0.0933 0.8044
0.0033 0.1672 0.6262 0.0033 0.2000
0.9200 0.0057 0.0057 0.0629 0.0057
0.0057 0.0057 0.9200 0.0057 0.0629
0.0043 0.4298 0.0043 0.0043 0.5574
0.3309 0.0036 0.6218 0.0400 0.0036
0.0029 0.0029 0.3507 0.1478 0.4957
0.6698 0.3206 0.0032 0.0032 0.0032
0.1200 0.1200 0.4057 0.3486 0.0057
0.0035 0.0035 0.0035 0.4947 0.4947
0.7016 0.0032 0.0349 0.0032 0.2571
0.8717 0.1170 0.0038 0.0038 0.0038
0.0039 0.0039 0.0039 0.2784 0.7098
0.2656 0.0033 0.0689 0.0033 0.6590
0.0044 0.1378 0.0044 0.1822 0.6711
0.0074 0.0074 0.0074 0.0815 0.8963
0.3570 0.3823 0.0025 0.0025 0.2557
0.0729 0.6141 0.0024 0.2376 0.0729
0.0195 0.4088 0.0549 0.2496 0.2673
0.1170 0.1547 0.3811 0.0792 0.2679
0.2988 0.5951 0.0025 0.1012 0.0025
0.0609 0.1478 0.6986 0.0029 0.0899
0.0025 0.0025 0.5342 0.4582 0.0025
0.1155 0.2563 0.2563 0.3408 0.0310
0.0049 0.2000 0.0049 0.7854 0.0049
0.0031 0.2185 0.3723 0.0031 0.4031
0.2719 0.3393 0.0022 0.2045 0.1820
0.1088 0.1088 0.1789 0.0386 0.5649
0.1341 0.1341 0.5736 0.1121 0.0462
0.0049 0.0049 0.5415 0.4439 0.0049
0.0039 0.1608 0.0039 0.7490 0.0824
0.0293 0.1893 0.7760 0.0027 0.0027
0.3481 0.5704 0.0025 0.0765 0.0025
0.0033 0.0033 0.5607 0.4295 0.0033
0.0039 0.6314 0.2392 0.1216 0.0039
0.0051 0.0051 0.3641 0.2615 0.3641
0.0564 0.0051 0.0051 0.9282 0.0051
0.0027 0.1671 0.5781 0.0575 0.1945
0.2119 0.0030 0.1821 0.6000 0.0030
0.1608 0.2000 0.6314 0.0039 0.0039
0.0036 0.2582 0.4036 0.3309 0.0036
0.0449 0.0041 0.4531 0.2898 0.2082
0.0925 0.2119 0.6000 0.0925 0.0030
0.3316 0.0025 0.1291 0.4582 0.0785
0.0028 0.0873 0.1155 0.7915 0.0028
0.2000 0.5934 0.2000 0.0033 0.0033
0.3447 0.0043 0.0468 0.0043 0.6000
0.2493 0.1945 0.0027 0.0849 0.4685
0.1596 0.1820 0.0022 0.6539 0.0022
0.3673 0.0036 0.0036 0.6218 0.0036
0.2348 0.0029 0.0029 0.6986 0.0609
0.0286 0.0026 0.3143 0.4961 0.1584
0.6816 0.1961 0.0019 0.1184 0.0019
0.0026 0.3143 0.0805 0.3662 0.2364
0.1434 0.0372 0.5504 0.0372 0.2319
0.5902 0.3951 0.0049 0.0049 0.0049
0.4637 0.2000 0.1341 0.2000 0.0022
0.0049 0.0049 0.0049 0.0049 0.9805
0.0043 0.0043 0.6426 0.3447 0.0043
0.0925 0.2119 0.6896 0.0030 0.0030
0.0054 0.1135 0.4919 0.3297 0.0595
0.1729 0.1729 0.4102 0.2407 0.0034
0.2000 0.0028 0.0028 0.1718 0.6225
0.0027 0.1093 0.4560 0.4293 0.0027
0.5491 0.0036 0.0036 0.1855 0.2582
0.2679 0.3057 0.0792 0.1547 0.1925
0.0689 0.0033 0.0361 0.0033 0.8885
0.0031 0.2800 0.7108 0.0031 0.0031
0.4439 0.1512 0.0049 0.3463 0.0537
0.0057 0.0057 0.1771 0.0057 0.8057
0.0051 0.0051 0.9282 0.0564 0.0051
0.0035 0.0035 0.4947 0.4947 0.0035
0.0069 0.0069 0.0069 0.0069 0.9724
0.2051 0.0025 0.2051 0.2051 0.3823
0.3975 0.0025 0.0025 0.0519 0.5457
0.0036 0.0036 0.9127 0.0036 0.0764
0.0025 0.1259 0.2494 0.6198 0.0025
0.0024 0.7553 0.0729 0.1671 0.0024
0.0026 0.4182 0.2623 0.0026 0.3143
0.3600 0.4933 0.0044 0.0044 0.1378
0.0039 0.0039 0.6706 0.1608 0.1608
0.2392 0.3176 0.3961 0.0039 0.0431
0.6218 0.0036 0.0036 0.0400 0.3309
0.0034 0.4102 0.0034 0.3424 0.2407
0.0033 0.2656 0.2656 0.1672 0.2984
0.0033 0.5934 0.3967 0.0033 0.0033
0.5321 0.4566 0.0038 0.0038 0.0038
0.0415 0.9472 0.0038 0.0038 0.0038
0.4745 0.2392 0.0039 0.2784 0.0039
0.0873 0.6225 0.0028 0.0028 0.2845
0.0824 0.0039 0.3176 0.3569 0.2392
0.7039 0.2104 0.0805 0.0026 0.0026
0.4353 0.3569 0.0039 0.2000 0.0039
0.0729 0.0024 0.0024 0.1671 0.7553
0.3797 0.5246 0.0029 0.0899 0.0029
0.2960 0.4560 0.1627 0.0827 0.0027
0.3841 0.5746 0.0032 0.0032 0.0349
0.0027 0.0301 0.0027 0.0849 0.8795
0.0039 0.0039 0.7882 0.1608 0.0431
0.0764 0.1855 0.2945 0.1855 0.2582
0.8230 0.1672 0.0033 0.0033 0.0033
0.0051 0.0051 0.2615 0.7231 0.0051
0.0044 0.0044 0.9378 0.0044 0.0489
0.8557 0.0033 0.0033 0.0033 0.1344
0.0039 0.0039 0.9843 0.0039 0.0039
0.5607 0.0033 0.4295 0.0033 0.0033
0.0033 0.2984 0.2000 0.4951 0.0033
0.0044 0.0044 0.5822 0.4044 0.0044
0.0027 0.0027 0.0027 0.4293 0.5627
0.3415 0.0646 0.1262 0.3108 0.1569
0.0036 0.0036 0.5855 0.2218 0.1855
0.0038 0.0038 0.0038 0.4566 0.5321
0.1876 0.0021 0.4969 0.1258 0.1876
0.3157 0.2193 0.3398 0.1229 0.0024
0.7016 0.0349 0.1302 0.0349 0.0984
0.0061 0.0061 0.8545 0.0061 0.1273
0.1711 0.0024 0.4843 0.3398 0.0024
0.2392 0.0039 0.7490 0.0039 0.0039
0.0764 0.0764 0.0036 0.0400 0.8036
0.7031 0.2289 0.0021 0.0021 0.0639
0.0049 0.0049 0.6878 0.0049 0.2976
0.4637 0.0681 0.0022 0.0022 0.4637
0.3690 0.0028 0.0028 0.0028 0.6225
0.0036 0.0036 0.2582 0.0036 0.7309
0.2068 0.0034 0.0034 0.0034 0.7831
0.0044 0.0044 0.0044 0.0489 0.9378
0.5701 0.0030 0.0030 0.0030 0.4209
0.0023 0.0023 0.2552 0.0943 0.6460
0.0028 0.2282 0.7070 0.0592 0.0028
0.0415 0.1170 0.1925 0.4189 0.2302
0.5262 0.2492 0.0031 0.2185 0.0031
0.0105 0.1158 0.0105 0.4316 0.4316
0.0449 0.0041 0.0449 0.0857 0.8204
0.0049 0.0537 0.0049 0.0049 0.9317
0.0035 0.0035 0.6000 0.0035 0.3895
0.2247 0.5951 0.0519 0.0025 0.1259
0.0029 0.0029 0.0029 0.0029 0.9884
0.4637 0.2879 0.0022 0.2440 0.0022
0.0044 0.0044 0.5822 0.0044 0.4044
0.0933 0.0044 0.8489 0.0489 0.0044
0.0031 0.8338 0.0338 0.1262 0.0031
0.0033 0.0033 0.7902 0.2000 0.0033
0.3507 0.2058 0.0029 0.2058 0.2348
0.0031 0.0031 0.3723 0.5569 0.0646
0.2898 0.4939 0.2082 0.0041 0.0041
0.5074 0.3179 0.0021 0.1284 0.0442
0.1768 0.0029 0.8145 0.0029 0.0029
0.0047 0.5628 0.0047 0.1442 0.2837
0.0061 0.3091 0.0667 0.6121 0.0061
0.0049 0.0049 0.1512 0.2976 0.5415
0.3892 0.4538 0.1097 0.0452 0.0022
0.0087 0.0087 0.0087 0.9652 0.0087
0.1925 0.4566 0.0038 0.3434 0.0038
0.2219 0.0027 0.1671 0.3589 0.2493
0.0047 0.3767 0.5628 0.0512 0.0047
0.0043 0.3021 0.1319 0.1745 0.3872
0.0310 0.0028 0.8479 0.1155 0.0028
0.3085 0.4780 0.1390 0.0712 0.0034
0.0286 0.0026 0.5221 0.4442 0.0026
0.1259 0.1506 0.0025 0.0025 0.7185
0.3589 0.0027 0.3863 0.1945 0.0575
0.0035 0.0035 0.4246 0.5649 0.0035
0.1188 0.1768 0.0029 0.0319 0.6696
0.5262 0.0031 0.4338 0.0031 0.0338
0.1442 0.0047 0.6093 0.0047 0.2372
0.2883 0.0026 0.3143 0.3922 0.0026
0.0036 0.1491 0.0036 0.0036 0.8400
0.0030 0.2119 0.4507 0.0030 0.3313
0.0049 0.0049 0.6390 0.1024 0.2488
0.3910 0.3910 0.0030 0.0030 0.2119
0.0039 0.1608 0.0039 0.0039 0.8275
0.0028 0.0873 0.7070 0.0028 0.2000
0.0039 0.0039 0.1608 0.6706 0.1608
0.8286 0.1619 0.0032 0.0032 0.0032
0.7888 0.0022 0.0247 0.0472 0.1371
0.2889 0.3524 0.2889 0.0032 0.0667
0.0054 0.0054 0.9784 0.0054 0.0054
0.2444 0.0828 0.4667 0.2040 0.0020
0.0609 0.2058 0.3507 0.1478 0.2348
0.1569 0.6185 0.2185 0.0031 0.0031
0.0049 0.3951 0.3951 0.2000 0.0049
0.5163 0.2372 0.2372 0.0047 0.0047
0.0039 0.1216 0.2000 0.0039 0.6706
0.0027 0.3227 0.5093 0.0027 0.1627
0.4102 0.1390 0.0034 0.0034 0.4441
0.0057 0.1771 0.0629 0.0057 0.7486
0.6938 0.1753 0.0025 0.1259 0.0025
0.4653 0.0021 0.0021 0.0863 0.4442
0.0590 0.0019 0.2114 0.0019 0.7257
0.0035 0.0035 0.0035 0.0035 0.9860
0.0074 0.0074 0.8222 0.0074 0.1556
0.2000 0.0022 0.6396 0.1560 0.0022
0.0035 0.0035 0.8456 0.0035 0.1439
0.0028 0.4535 0.3972 0.1437 0.0028
0.0049 0.0049 0.6390 0.3463 0.0049
0.2889 0.1619 0.3841 0.0032 0.1619
0.0400 0.1855 0.1491 0.4400 0.1855
0.8699 0.0747 0.0024 0.0506 0.0024
0.0039 0.6706 0.2784 0.0039 0.0431
0.0027 0.1093 0.0293 0.0027 0.8560
0.6547 0.3389 0.0021 0.0021 0.0021
0.0065 0.0065 0.9742 0.0065 0.0065
0.0047 0.0047 0.4233 0.0977 0.4698
0.0039 0.9059 0.0431 0.0039 0.0431
0.0857 0.0041 0.0041 0.2490 0.6571
0.0041 0.0041 0.8204 0.0041 0.1673
0.3309 0.0764 0.2945 0.0764 0.2218
0.0044 0.4489 0.3156 0.2267 0.0044
0.0054 0.0054 0.5459 0.0054 0.4378
0.3524 0.4476 0.0032 0.0032 0.1937
0.1844 0.4442 0.0545 0.0026 0.3143
0.0965 0.1671 0.3082 0.4259 0.0024
0.0792 0.0415 0.8717 0.0038 0.0038
0.2945 0.3309 0.0400 0.3309 0.0036
0.0035 0.0035 0.8456 0.1439 0.0035
0.0054 0.0054 0.7622 0.2216 0.0054
0.1262 0.0338 0.4031 0.1569 0.2800
0.4137 0.0027 0.1671 0.0027 0.4137
0.1491 0.0036 0.0764 0.0036 0.7673
0.0025 0.1506 0.5951 0.2494 0.0025
0.1093 0.2693 0.0027 0.6160 0.0027
0.0815 0.0074 0.0074 0.6741 0.2296
0.0627 0.1821 0.4209 0.0030 0.3313
0.0575 0.0027 0.2219 0.1945 0.5233
0.0033 0.1016 0.2656 0.0033 0.6262
0.0032 0.6698 0.0667 0.2571 0.0032
0.0023 0.5540 0.4161 0.0253 0.0023
0.4716 0.0765 0.0025 0.0025 0.4469
0.1855 0.2218 0.2582 0.2218 0.1127
0.1512 0.1512 0.5902 0.0049 0.1024
0.1768 0.0029 0.3217 0.4957 0.0029
0.3570 0.2304 0.1038 0.1797 0.1291
0.0028 0.0873 0.7634 0.1155 0.0310
0.0043 0.0043 0.5574 0.0043 0.4298
0.0019 0.3944 0.0953 0.3383 0.1701
0.0035 0.2842 0.1088 0.4947 0.1088
0.0034 0.1051 0.5797 0.0034 0.3085
0.1265 0.0041 0.8612 0.0041 0.0041
0.2282 0.2845 0.0028 0.4817 0.0028
0.0044 0.0489 0.3156 0.6267 0.0044
0.0629 0.0057 0.2914 0.4629 0.1771
0.0022 0.0667 0.4323 0.4753 0.0237
0.2104 0.2364 0.5481 0.0026 0.0026
0.0032 0.2889 0.5746 0.1302 0.0032
0.8388 0.0030 0.1522 0.0030 0.0030
0.0033 0.0033 0.7902 0.2000 0.0033
0.0035 0.0386 0.2491 0.0035 0.7053
0.0595 0.0054 0.5459 0.0054 0.3838
0.3217 0.4957 0.0029 0.0029 0.1768
0.1608 0.1216 0.5137 0.0824 0.1216
0.0827 0.0027 0.8827 0.0293 0.0027
0.0028 0.5380 0.0310 0.1155 0.3127
0.3544 0.4596 0.0035 0.1789 0.0035
0.0054 0.2757 0.2216 0.0054 0.4919
0.0044 0.0489 0.9378 0.0044 0.0044
0.0667 0.0667 0.4909 0.3697 0.0061
0.8829 0.1024 0.0049 0.0049 0.0049
0.0021 0.2701 0.3526 0.1464 0.2289
0.0036 0.0036 0.1127 0.0036 0.8764
0.3481 0.6198 0.0025 0.0025 0.0272
0.0049 0.8341 0.0049 0.0049 0.1512
0.1584 0.0026 0.6260 0.2104 0.0026
0.0069 0.0069 0.5586 0.4207 0.0069
0.0031 0.3108 0.4646 0.2185 0.0031
0.7039 0.1584 0.0026 0.1325 0.0026
0.0043 0.0043 0.0043 0.3021 0.6851
0.0033 0.5607 0.0033 0.2000 0.2328
0.0036 0.1491 0.8036 0.0036 0.0400
0.1768 0.0029 0.8145 0.0029 0.0029
0.3063 0.2810 0.0025 0.2557 0.1544
0.0031 0.0031 0.1262 0.3723 0.4954
0.7585 0.0415 0.0038 0.1170 0.0792
0.0036 0.3673 0.0400 0.0036 0.5855
0.2185 0.4031 0.0031 0.3723 0.0031
0.3319 0.5077 0.0022 0.1560 0.0022
0.1229 0.0024 0.3157 0.5566 0.0024
0.0051 0.0051 0.9795 0.0051 0.0051
0.0065 0.0065 0.8452 0.1355 0.0065
0.0028 0.0028 0.8761 0.1155 0.0028
0.1560 0.2659 0.1780 0.2879 0.1121
0.1024 0.0049 0.8341 0.0537 0.0049
0.0065 0.0065 0.1355 0.2645 0.5871
0.1491 0.0036 0.8400 0.0036 0.0036
0.4198 0.0022 0.0242 0.0022 0.5516
0.2571 0.0032 0.4159 0.3206 0.0032
0.0386 0.1088 0.8105 0.0386 0.0035
0.0036 0.0036 0.0036 0.9855 0.0036
0.0043 0.0043 0.0894 0.1745 0.7277
0.0033 0.1016 0.6262 0.2328 0.0361
0.0039 0.0039 0.0824 0.9059 0.0039
0.2984 0.0033 0.3311 0.2000 0.1672
0.3797 0.5246 0.0029 0.0029 0.0899
0.0025 0.0272 0.0025 0.3728 0.5951
0.3057 0.0792 0.0038 0.1925 0.4189
0.2119 0.2418 0.2119 0.3313 0.0030
0.3922 0.4701 0.1325 0.0026 0.0026
0.2485 0.0061 0.6121 0.1273 0.0061
0.8885 0.0033 0.0033 0.0033 0.1016
0.1390 0.3085 0.0034 0.3085 0.2407
0.0041 0.4122 0.2898 0.0041 0.2898
0.0044 0.0044 0.8933 0.0044 0.0933
0.0301 0.0027 0.6055 0.3589 0.0027
0.4209 0.0030 0.0030 0.5701 0.0030
0.5327 0.0018 0.0726 0.3912 0.0018
0.5746 0.0032 0.2571 0.1619 0.0032
0.0609 0.1478 0.0319 0.0029 0.7565
0.3315 0.2219 0.0027 0.4411 0.0027
0.0035 0.0737 0.7404 0.1789 0.0035
0.5325 0.3880 0.0747 0.0024 0.0024
0.0038 0.0038 0.7208 0.1925 0.0792
0.0069 0.1448 0.7655 0.0069 0.0759
0.5104 0.3313 0.0030 0.0030 0.1522
0.1170 0.0038 0.3811 0.1925 0.3057
0.0028 0.0028 0.3408 0.0028 0.6507
0.0027 0.3760 0.0293 0.0027 0.5893
0.0074 0.0074 0.9704 0.0074 0.0074
0.0027 0.0027 0.0027 0.0027 0.9890
0.0737 0.0035 0.0035 0.3544 0.5649
0.0027 0.1945 0.0027 0.2219 0.5781
0.7735 0.0024 0.0506 0.1711 0.0024
0.6043 0.1742 0.0022 0.0882 0.1312
0.3967 0.5934 0.0033 0.0033 0.0033
0.0041 0.0041 0.5755 0.0041 0.4122
0.0031 0.5877 0.4031 0.0031 0.0031
0.0027 0.0827 0.4293 0.2960 0.1893
0.1077 0.0051 0.6718 0.2103 0.0051
0.0039 0.0039 0.0039 0.3176 0.6706
0.4442 0.5221 0.0286 0.0026 0.0026
0.0765 0.1259 0.3728 0.4222 0.0025
0.8078 0.1844 0.0026 0.0026 0.0026
0.3690 0.6225 0.0028 0.0028 0.0028
0.0061 0.0061 0.9758 0.0061 0.0061
0.2119 0.5104 0.0627 0.0030 0.2119
0.2945 0.2582 0.0036 0.4400 0.0036
0.1820 0.0022 0.0022 0.1146 0.6989
0.1319 0.4298 0.4298 0.0043 0.0043
0.0074 0.0074 0.6000 0.3778 0.0074
0.2058 0.0029 0.5536 0.0029 0.2348
0.1676 0.0054 0.8162 0.0054 0.0054
0.1088 0.0035 0.3544 0.1789 0.3544
0.7208 0.2679 0.0038 0.0038 0.0038
0.0026 0.0026 0.7299 0.2623 0.0026
0.3639 0.4951 0.0033 0.1016 0.0361
0.0057 0.0057 0.6343 0.0057 0.3486
0.0041 0.4939 0.0041 0.4122 0.0857
0.0035 0.0035 0.0035 0.1088 0.8807
0.0977 0.3302 0.0977 0.4698 0.0047
0.0036 0.6945 0.2945 0.0036 0.0036
0.0041 0.0041 0.5347 0.2082 0.2490
0.0047 0.0047 0.4233 0.0047 0.5628
0.0039 0.1216 0.8667 0.0039 0.0039
0.0074 0.0074 0.6000 0.1556 0.2296
0.0034 0.0373 0.4102 0.4441 0.1051
0.0038 0.4566 0.0415 0.3811 0.1170
0.0041 0.1265 0.0041 0.6163 0.2490
0.2058 0.5246 0.0029 0.2638 0.0029
0.0049 0.4439 0.5415 0.0049 0.0049
0.0032 0.0032 0.0032 0.2889 0.7016
0.1544 0.0025 0.4582 0.2051 0.1797
0.0667 0.2254 0.5111 0.0349 0.1619
0.0564 0.0564 0.7744 0.1077 0.0051
0.0051 0.2103 0.7744 0.0051 0.0051
0.0027 0.0827 0.5627 0.3493 0.0027
0.0039 0.0039 0.0431 0.8275 0.1216
0.0031 0.0031 0.5877 0.3415 0.0646
0.0512 0.0047 0.1907 0.0047 0.7488
0.7796 0.2082 0.0041 0.0041 0.0041
0.7574 0.1672 0.0033 0.0689 0.0033
0.0039 0.0039 0.3569 0.0431 0.5922
0.0033 0.0033 0.8557 0.0033 0.1344
0.1077 0.4154 0.3641 0.0051 0.1077
0.0035 0.0035 0.5298 0.1789 0.2842
0.0022 0.0022 0.5640 0.0697 0.3618
0.1937 0.2571 0.0032 0.2254 0.3206
0.0051 0.0564 0.6205 0.3128 0.0051
0.2267 0.0044 0.0044 0.7156 0.0489
0.0034 0.0373 0.6814 0.2746 0.0034
0.0022 0.4538 0.0452 0.1097 0.3892
0.5262 0.3415 0.1262 0.0031 0.0031
0.0041 0.0041 0.3714 0.4939 0.1265
0.0035 0.2491 0.0035 0.1088 0.6351
0.0689 0.1016 0.6590 0.0033 0.1672
0.1016 0.0033 0.2328 0.2000 0.4623
0.0029 0.6116 0.3217 0.0609 0.0029
0.1065 0.0026 0.7039 0.0805 0.1065
0.0032 0.1302 0.5111 0.0032 0.3524
0.0049 0.0537 0.6390 0.2000 0.1024
0.0824 0.0039 0.2000 0.2000 0.5137
0.3639 0.5607 0.0033 0.0689 0.0033
0.0041 0.1265 0.8612 0.0041 0.0041
0.3841 0.0032 0.1619 0.0032 0.4476
0.3143 0.1065 0.0026 0.0026 0.5740
0.7953 0.0047 0.0047 0.0512 0.1442
0.0894 0.0043 0.0468 0.0043 0.8553
0.1547 0.3811 0.4566 0.0038 0.0038
0.0038 0.0038 0.8340 0.1547 0.0038
0.0049 0.0049 0.2976 0.0049 0.6878
0.0043 0.4723 0.4298 0.0043 0.0894
0.4939 0.2490 0.1673 0.0857 0.0041
0.1170 0.0038 0.0038 0.0038 0.8717
0.0049 0.0049 0.8341 0.1024 0.0537
0.4057 0.0057 0.0057 0.5771 0.0057
0.1016 0.4623 0.2984 0.1344 0.0033
0.5378 0.0044 0.0044 0.0044 0.4489
0.0039 0.3569 0.2784 0.3569 0.0039
0.5671 0.0965 0.1671 0.1671 0.0024
0.0039 0.0039 0.0039 0.3176 0.6706
0.2557 0.5342 0.0532 0.0025 0.1544
0.4209 0.1821 0.0925 0.3015 0.0030
0.6800 0.0031 0.0031 0.0031 0.3108
0.7856 0.1258 0.0021 0.0845 0.0021
0.6698 0.2571 0.0667 0.0032 0.0032
0.8603 0.0667 0.0667 0.0032 0.0032
0.0026 0.0026 0.6260 0.3662 0.0026
0.1302 0.4159 0.0032 0.0032 0.4476
0.0047 0.0512 0.6558 0.0047 0.2837
0.1937 0.2571 0.0984 0.4476 0.0032
0.0041 0.4939 0.3714 0.0041 0.1265
0.0026 0.0545 0.5481 0.3922 0.0026
0.0038 0.1547 0.7962 0.0415 0.0038
0.0035 0.0035 0.2140 0.7404 0.0386
0.0038 0.0038 0.0038 0.3434 0.6453
0.0095 0.0095 0.9619 0.0095 0.0095
0.1672 0.0033 0.7902 0.0361 0.0033
0.0031 0.0031 0.4338 0.1569 0.4031
0.0041 0.0449 0.2490 0.0041 0.6980
0.0049 0.0049 0.5902 0.2000 0.2000
0.0039 0.2784 0.3569 0.3569 0.0039
0.0051 0.0051 0.9282 0.0564 0.0051
0.0105 0.0105 0.5368 0.4316 0.0105
0.6507 0.0028 0.1718 0.0028 0.1718
0.6163 0.0041 0.1265 0.2490 0.0041
0.2898 0.0041 0.5755 0.0041 0.1265
0.0024 0.0024 0.7976 0.0024 0.1952
0.2392 0.6706 0.0039 0.0039 0.0824
0.0044 0.0933 0.4489 0.0044 0.4489
0.8230 0.0033 0.0033 0.1672 0.0033
0.0023 0.1402 0.4851 0.0713 0.3011
0.3206 0.0032 0.4794 0.1937 0.0032
0.3032 0.5398 0.0022 0.0022 0.1527
0.0047 0.0047 0.9814 0.0047 0.0047
0.0627 0.0030 0.2716 0.3612 0.3015
0.0039 0.1216 0.2784 0.3569 0.2392
0.1030 0.3455 0.2040 0.2646 0.0828
0.1844 0.0805 0.2883 0.3662 0.0805
0.0028 0.0028 0.6507 0.0310 0.3127
0.1569 0.0031 0.0338 0.5569 0.2492
0.0057 0.0057 0.6343 0.0629 0.2914
0.6354 0.3570 0.0025 0.0025 0.0025
0.7185 0.1753 0.0025 0.0025 0.1012
0.1569 0.0031 0.0031 0.0338 0.8031
0.2571 0.0032 0.0032 0.2254 0.5111
0.0041 0.0041 0.0041 0.4122 0.5755
0.3951 0.2000 0.2976 0.1024 0.0049
0.6473 0.3032 0.0022 0.0452 0.0022
0.0028 0.3127 0.4535 0.0028 0.2282
0.2822 0.2636 0.1514 0.1140 0.1888
0.0057 0.1200 0.8057 0.0057 0.0629
0.5366 0.2000 0.0020 0.1010 0.1604
0.0592 0.9324 0.0028 0.0028 0.0028
0.0049 0.4439 0.3463 0.2000 0.0049
0.8286 0.0349 0.0032 0.1302 0.0032
0.0028 0.0028 0.6225 0.0028 0.3690
0.0041 0.6163 0.3714 0.0041 0.0041
0.0021 0.2126 0.3179 0.4021 0.0653
0.0609 0.1768 0.2638 0.1768 0.3217
0.0044 0.0044 0.7600 0.2267 0.0044
0.0024 0.7976 0.1711 0.0024 0.0265
0.1184 0.4097 0.1573 0.2932 0.0214
0.0044 0.0044 0.7600 0.2267 0.0044
0.0032 0.0667 0.3206 0.4794 0.1302
0.0026 0.3922 0.2364 0.3662 0.0026
0.0033 0.5279 0.0361 0.3967 0.0361
0.0047 0.0047 0.8884 0.0977 0.0047
0.0024 0.6141 0.2141 0.0729 0.0965
0.1224 0.3910 0.3313 0.1522 0.0030
0.2960 0.0560 0.2960 0.3493 0.0027
0.0041 0.0041 0.4531 0.0041 0.5347
0.0047 0.1442 0.0047 0.1442 0.7023
0.0033 0.0033 0.2656 0.4951 0.2328
0.1259 0.6444 0.2247 0.0025 0.0025
0.7926 0.1753 0.0025 0.0272 0.0025
0.7663 0.1371 0.0022 0.0247 0.0697
0.0041 0.0449 0.5347 0.2082 0.2082
0.0034 0.0373 0.2407 0.7153 0.0034
0.0061 0.0061 0.4303 0.5515 0.0061
0.9525 0.0373 0.0034 0.0034 0.0034
0.0028 0.0310 0.3690 0.0310 0.5662
0.0039 0.1216 0.8275 0.0431 0.0039
0.2452 0.2278 0.0887 0.4365 0.0017
0.0065 0.0065 0.3935 0.5871 0.0065
0.6163 0.2082 0.0041 0.0041 0.1673
0.0065 0.0065 0.7806 0.0065 0.2000
0.6612 0.0024 0.0494 0.1671 0.1200
0.0737 0.0035 0.0035 0.0035 0.9158
0.0021 0.0021 0.5916 0.0021 0.4021
0.0028 0.0028 0.5944 0.1155 0.2845
0.0024 0.0506 0.3157 0.4602 0.1711
0.0049 0.4927 0.0049 0.2488 0.2488
0.1676 0.2216 0.0054 0.1135 0.4919
0.4851 0.1632 0.0023 0.0943 0.2552
0.0026 0.0026 0.9896 0.0026 0.0026
0.0030 0.0328 0.0030 0.2418 0.7194
0.0047 0.0977 0.3767 0.0047 0.5163
0.0029 0.1188 0.1188 0.2928 0.4667
0.0074 0.0074 0.4519 0.5259 0.0074
0.0627 0.1821 0.0030 0.7493 0.0030
0.0049 0.3463 0.4927 0.0049 0.1512
0.5435 0.0024 0.4024 0.0494 0.0024
0.6539 0.2270 0.0247 0.0921 0.0022
0.2490 0.2082 0.0041 0.3306 0.2082
0.8593 0.0681 0.0681 0.0022 0.0022
0.4469 0.5457 0.0025 0.0025 0.0025
0.0069 0.3517 0.4207 0.2138 0.0069
0.1341 0.3099 0.0022 0.0022 0.5516
0.2343 0.5200 0.0057 0.1200 0.1200
0.2322 0.3011 0.0023 0.0023 0.4621
0.0029 0.2928 0.5246 0.1768 0.0029
0.1262 0.0031 0.0338 0.3108 0.5262
0.0489 0.9378 0.0044 0.0044 0.0044
0.2103 0.1077 0.0051 0.2103 0.4667
0.0729 0.1906 0.4024 0.0965 0.2376
0.5221 0.3922 0.0026 0.0026 0.0805
0.0030 0.1224 0.1821 0.0030 0.6896
0.0027 0.6055 0.3589 0.0301 0.0027
0.0024 0.2612 0.0259 0.6376 0.0729
0.4292 0.0022 0.2719 0.2719 0.0247
0.2328 0.4623 0.0361 0.2656 0.0033
0.0027 0.3493 0.1360 0.0827 0.4293
0.9877 0.0031 0.0031 0.0031 0.0031
0.0032 0.1937 0.0984 0.3524 0.3524
0.0386 0.0737 0.6000 0.2842 0.0035
0.0025 0.0025 0.5457 0.1259 0.3235
0.5458 0.0034 0.3085 0.1390 0.0034
0.0024 0.7735 0.0988 0.1229 0.0024
0.0026 0.1844 0.4442 0.2623 0.1065
0.3975 0.5951 0.0025 0.0025 0.0025
0.9822 0.0044 0.0044 0.0044 0.0044
0.0792 0.4566 0.0038 0.0415 0.4189
0.0061 0.0061 0.3697 0.6121 0.0061
0.0041 0.0041 0.0041 0.6163 0.3714
0.0031 0.0031 0.5877 0.0954 0.3108
0.4161 0.1172 0.0023 0.4621 0.0023
0.0039 0.0039 0.3961 0.0039 0.5922
0.1224 0.0030 0.0030 0.4806 0.3910
0.0043 0.3021 0.6851 0.0043 0.0043
0.2492 0.4031 0.0031 0.0031 0.3415
0.0031 0.0031 0.5877 0.1877 0.2185
0.0023 0.1862 0.6460 0.0023 0.1632
0.0328 0.0030 0.1821 0.1522 0.6299
0.4076 0.0025 0.0025 0.2051 0.3823
0.0065 0.0065 0.3290 0.0065 0.6516
0.0024 0.2612 0.6612 0.0024 0.0729
0.0415 0.0415 0.0038 0.0415 0.8717
0.0044 0.0044 0.5378 0.0044 0.4489
0.0036 0.1491 0.5491 0.0036 0.2945
0.0032 0.0984 0.0032 0.8286 0.0667
0.0044 0.0489 0.7600 0.1822 0.0044
0.0034 0.0373 0.0034 0.2746 0.6814
0.8687 0.0030 0.0030 0.1224 0.0030
0.0057 0.0057 0.7486 0.0057 0.2343
0.0022 0.8787 0.0022 0.0022 0.1146
0.0026 0.1325 0.4961 0.2883 0.0805
0.0035 0.2140 0.7404 0.0035 0.0386
0.0038 0.0415 0.4189 0.0038 0.5321
0.0024 0.8699 0.0265 0.0988 0.0024
0.1355 0.0065 0.0065 0.0065 0.8452
0.3085 0.4102 0.1051 0.0373 0.1390
0.3486 0.0057 0.2343 0.2343 0.1771
0.0043 0.0043 0.6426 0.0043 0.3447
0.0293 0.1093 0.4293 0.0827 0.3493
0.0057 0.0057 0.7486 0.0057 0.2343
0.0032 0.2889 0.4476 0.1302 0.1302
0.0032 0.1302 0.3524 0.0349 0.4794
0.1673 0.4122 0.2898 0.0041 0.1265
0.0054 0.0054 0.2216 0.0054 0.7622
0.0029 0.0029 0.4667 0.5246 0.0029
0.2082 0.0041 0.0041 0.0041 0.7796
0.6198 0.2247 0.0025 0.0025 0.1506
0.7494 0.1711 0.0506 0.0024 0.0265
0.3241 0.3931 0.0023 0.0023 0.2782
0.0032 0.0032 0.8603 0.1302 0.0032
0.0034 0.0034 0.3424 0.0712 0.5797
0.6427 0.1767 0.0214 0.1573 0.0019
0.4441 0.1051 0.2068 0.2407 0.0034
0.0030 0.6000 0.0030 0.2716 0.1224
0.0022 0.0921 0.7438 0.1596 0.0022
0.5104 0.0030 0.4806 0.0030 0.0030
0.0519 0.2247 0.0025 0.3728 0.3481
0.0031 0.3108 0.6800 0.0031 0.0031
0.0074 0.0074 0.2296 0.7481 0.0074
0.1718 0.4817 0.3408 0.0028 0.0028
0.0265 0.1229 0.0988 0.0988 0.6530
0.8761 0.0028 0.0310 0.0873 0.0028
0.0022 0.0921 0.6090 0.2944 0.0022
0.0047 0.0047 0.6093 0.0047 0.3767
0.0043 0.0894 0.0043 0.3872 0.5149
0.0028 0.2845 0.5944 0.1155 0.0028
0.0069 0.0069 0.0069 0.5586 0.4207
0.0044 0.0489 0.0933 0.6267 0.2267
0.0022 0.0022 0.6315 0.2045 0.1596
0.0034 0.4441 0.2746 0.0034 0.2746
0.0537 0.0049 0.0049 0.0049 0.9317
0.0025 0.0785 0.4076 0.1797 0.3316
0.0338 0.0646 0.2185 0.0338 0.6492
0.5569 0.4031 0.0031 0.0338 0.0031
0.0054 0.0054 0.9784 0.0054 0.0054
0.0032 0.0032 0.7333 0.2254 0.0349
0.1877 0.2492 0.5569 0.0031 0.0031
0.1302 0.0032 0.6381 0.2254 0.0032
0.3099 0.6176 0.0242 0.0022 0.0462
0.1745 0.0468 0.7702 0.0043 0.0043
0.0027 0.0027 0.7493 0.2427 0.0027
0.1470 0.0024 0.3880 0.0988 0.3639
0.0043 0.1745 0.2596 0.0043 0.5574
0.4246 0.0035 0.0035 0.5649 0.0035
0.1052 0.0021 0.2701 0.4557 0.1670
0.7171 0.2455 0.0179 0.0179 0.0016
0.0038 0.0038 0.4189 0.0038 0.5698
0.0667 0.0061 0.7333 0.0061 0.1879
0.8954 0.0031 0.0954 0.0031 0.0031
0.0069 0.4207 0.2138 0.0069 0.3517
0.1952 0.1229 0.2675 0.2675 0.1470
0.0054 0.0054 0.4378 0.0054 0.5459
0.9435 0.0024 0.0259 0.0024 0.0259
0.8173 0.1506 0.0025 0.0272 0.0025
0.0039 0.0431 0.5137 0.4353 0.0039
0.0025 0.9654 0.0272 0.0025 0.0025
0.1135 0.0054 0.8703 0.0054 0.0054
0.0039 0.3961 0.0039 0.2000 0.3961
0.0564 0.0051 0.0051 0.9282 0.0051
0.0025 0.1038 0.0532 0.7873 0.0532
0.0054 0.2216 0.0054 0.4919 0.2757
0.0036 0.1491 0.3673 0.4764 0.0036
0.2767 0.0849 0.0301 0.4685 0.1397
0.0667 0.3892 0.0022 0.2817 0.2602
0.6800 0.0031 0.0646 0.0031 0.2492
0.7634 0.1437 0.0028 0.0028 0.0873
0.0494 0.0024 0.9435 0.0024 0.0024
0.0043 0.3447 0.6000 0.0043 0.0468
0.0033 0.0033 0.8885 0.1016 0.0033
0.1038 0.0025 0.4582 0.2304 0.2051
0.1216 0.8667 0.0039 0.0039 0.0039
0.4827 0.0293 0.0560 0.4293 0.0027
0.6855 0.2239 0.0017 0.0530 0.0359
0.0049 0.0049 0.1024 0.0049 0.8829
0.1390 0.0034 0.7492 0.1051 0.0034
0.2304 0.0025 0.5342 0.1291 0.1038
0.2493 0.2219 0.0301 0.4137 0.0849
0.0047 0.0047 0.0047 0.1907 0.7953
0.0065 0.0065 0.0065 0.0065 0.9742
0.3408 0.0028 0.0028 0.1718 0.4817
0.8979 0.0043 0.0468 0.0468 0.0043
0.2418 0.2716 0.0030 0.0030 0.4806
0.0035 0.0035 0.4947 0.4947 0.0035
0.3127 0.0028 0.2845 0.0028 0.3972
0.0051 0.3641 0.0051 0.6205 0.0051
0.1937 0.7968 0.0032 0.0032 0.0032
0.0310 0.3127 0.6225 0.0028 0.0310
0.0080 0.0080 0.1680 0.0080 0.8080
0.2716 0.0030 0.0328 0.2418 0.4507
0.5628 0.0047 0.0512 0.0977 0.2837
0.7651 0.0032 0.0984 0.1302 0.0032
0.0564 0.0051 0.6205 0.3128 0.0051
0.3544 0.3544 0.0386 0.0386 0.2140
0.0023 0.2552 0.2552 0.3011 0.1862
0.5540 0.3471 0.0023 0.0253 0.0713
0.0069 0.0069 0.4897 0.4207 0.0759
0.0400 0.3673 0.4400 0.0036 0.1491
0.3639 0.0506 0.0506 0.3880 0.1470
0.0592 0.2845 0.0310 0.0592 0.5662
0.0592 0.9042 0.0310 0.0028 0.0028
0.1229 0.1952 0.5325 0.0024 0.1470
0.0028 0.3690 0.4817 0.1155 0.0310
0.0293 0.5893 0.0293 0.3493 0.0027
0.0023 0.0023 0.8069 0.1862 0.0023
0.4806 0.2418 0.0627 0.2119 0.0030
0.0029 0.0609 0.4087 0.0609 0.4667
0.5649 0.2140 0.2140 0.0035 0.0035
0.0049 0.0049 0.0049 0.7366 0.2488
0.2304 0.3063 0.0532 0.3823 0.0278
0.0310 0.2282 0.6225 0.0028 0.1155
0.0024 0.2434 0.5566 0.1952 0.0024
0.9525 0.0020 0.0218 0.0218 0.0020
0.0024 0.3553 0.3318 0.1906 0.1200
0.6789 0.1437 0.0028 0.1718 0.0028
0.0031 0.0031 0.0338 0.9569 0.0031
0.0386 0.3193 0.0035 0.0035 0.6351
0.0036 0.2218 0.0036 0.6218 0.1491
0.0054 0.0054 0.5459 0.4378 0.0054
0.4036 0.3309 0.0036 0.1855 0.0764
0.2119 0.2418 0.0328 0.5104 0.0030
0.0024 0.1711 0.3157 0.1711 0.3398
0.7673 0.2218 0.0036 0.0036 0.0036
0.0025 0.0025 0.4076 0.1544 0.4329
0.1893 0.5627 0.0027 0.2427 0.0027
0.0431 0.0431 0.6314 0.2784 0.0039
0.3589 0.0027 0.0027 0.0027 0.6329
0.2571 0.1619 0.5429 0.0032 0.0349
0.8508 0.0034 0.1051 0.0034 0.0373
0.0057 0.0057 0.5771 0.2343 0.1771
0.0034 0.0034 0.2068 0.0034 0.7831
0.0039 0.0039 0.0039 0.0039 0.9843
0.5279 0.2328 0.0033 0.2328 0.0033
0.0051 0.0051 0.9282 0.0051 0.0564
0.7367 0.1038 0.0025 0.0025 0.1544
0.0035 0.2491 0.0035 0.3544 0.3895
0.0027 0.0027 0.9616 0.0301 0.0027
0.3436 0.4291 0.2239 0.0017 0.0017
0.0035 0.0035 0.6702 0.3193 0.0035
0.0032 0.4159 0.1302 0.4476 0.0032
0.0259 0.3553 0.3318 0.2847 0.0024
0.0319 0.2348 0.4957 0.1478 0.0899
0.1259 0.0025 0.2988 0.3235 0.2494
0.0400 0.2218 0.3309 0.3673 0.0400
0.0824 0.0039 0.9059 0.0039 0.0039
0.1302 0.6381 0.0032 0.1302 0.0984
0.0977 0.0047 0.0977 0.0047 0.7953
0.1855 0.0036 0.4036 0.1855 0.2218
0.0431 0.9059 0.0431 0.0039 0.0039
0.0041 0.0041 0.6571 0.1265 0.2082
0.3811 0.6075 0.0038 0.0038 0.0038
0.0899 0.6986 0.0029 0.0609 0.1478
0.0034 0.0034 0.3763 0.6136 0.0034
0.0328 0.9582 0.0030 0.0030 0.0030
0.4951 0.2000 0.0033 0.0033 0.2984
0.0764 0.3673 0.0036 0.4400 0.1127
0.0737 0.2491 0.4947 0.1789 0.0035
0.2092 0.0023 0.5540 0.2322 0.0023
0.0029 0.2058 0.2928 0.3217 0.1768
0.0019 0.0019 0.3709 0.4097 0.2155
0.0029 0.0029 0.4957 0.4957 0.0029
0.1097 0.0022 0.6903 0.0022 0.1957
0.6163 0.3714 0.0041 0.0041 0.0041
0.2746 0.0034 0.5458 0.1729 0.0034
0.0545 0.5221 0.2364 0.0545 0.1325
0.2879 0.0022 0.5516 0.0462 0.1121
0.0338 0.3723 0.0954 0.4338 0.0646
0.0054 0.0054 0.8703 0.0054 0.1135
0.1608 0.5922 0.0039 0.2392 0.0039
0.6696 0.0029 0.0319 0.2928 0.0029
0.0074 0.0074 0.0815 0.0074 0.8963
0.1038 0.1797 0.3823 0.0025 0.3316
0.0051 0.5179 0.1590 0.2615 0.0564
0.0035 0.0035 0.4246 0.0035 0.5649
0.0025 0.0025 0.0025 0.1038 0.8886
0.0022 0.0022 0.3618 0.6090 0.0247
0.0035 0.6351 0.0035 0.2140 0.1439
0.1024 0.0049 0.5415 0.3463 0.0049
0.0057 0.0057 0.8629 0.0057 0.1200
0.0041 0.1265 0.6163 0.0041 0.2490
0.0105 0.0105 0.0105 0.0105 0.9579
0.0043 0.8979 0.0894 0.0043 0.0043
0.0023 0.0023 0.7839 0.1862 0.0253
0.0057 0.0629 0.4057 0.5200 0.0057
0.5491 0.0036 0.0400 0.0036 0.4036
0.0034 0.0034 0.0373 0.7492 0.2068
0.0764 0.3309 0.0036 0.0036 0.5855
0.9218 0.0023 0.0483 0.0023 0.0253
0.0061 0.0061 0.5515 0.0061 0.4303
0.2267 0.5822 0.0044 0.0044 0.1822
0.4122 0.0041 0.2490 0.0041 0.3306
0.0737 0.0035 0.6702 0.0035 0.2491
0.0483 0.0023 0.5310 0.4161 0.0023
0.6597 0.0030 0.0328 0.2716 0.0328
0.0039 0.8667 0.1216 0.0039 0.0039
0.1360 0.0027 0.5627 0.2960 0.0027
0.0043 0.3872 0.6000 0.0043 0.0043
0.9509 0.0035 0.0386 0.0035 0.0035
0.6507 0.3127 0.0028 0.0028 0.0310
0.0957 0.0087 0.0087 0.4435 0.4435
0.0712 0.0034 0.1729 0.0034 0.7492
0.7432 0.0025 0.0765 0.0025 0.1753
0.0386 0.0035 0.2491 0.0035 0.7053
0.0041 0.0041 0.9429 0.0041 0.0449
0.0028 0.2282 0.4535 0.3127 0.0028
0.5588 0.3938 0.0433 0.0021 0.0021
0.0023 0.2782 0.1632 0.5310 0.0253
0.2319 0.1611 0.4619 0.0726 0.0726
0.0065 0.2000 0.0065 0.1355 0.6516
0.4667 0.4957 0.0029 0.0319 0.0029
0.0025 0.0025 0.2557 0.7367 0.0025
0.0032 0.0984 0.6063 0.2889 0.0032
0.0029 0.1768 0.2058 0.3797 0.2348
0.0805 0.0026 0.6519 0.2623 0.0026
0.3157 0.1711 0.2193 0.2916 0.0024
0.0338 0.0338 0.9262 0.0031 0.0031
0.0034 0.3424 0.0034 0.3424 0.3085
0.0033 0.1016 0.5934 0.2000 0.1016
0.0031 0.0031 0.6800 0.2492 0.0646
0.0036 0.3309 0.6582 0.0036 0.0036
0.0024 0.0024 0.1952 0.1229 0.6771
0.0032 0.0349 0.9556 0.0032 0.0032
0.0054 0.0054 0.3297 0.0054 0.6541
0.0373 0.0034 0.5119 0.0034 0.4441
0.0033 0.2000 0.7246 0.0033 0.0689
0.0034 0.0034 0.6136 0.0034 0.3763
0.0029 0.4667 0.4667 0.0319 0.0319
0.0049 0.0049 0.9317 0.0537 0.0049
0.0667 0.0061 0.0061 0.0061 0.9152
0.0032 0.4476 0.2889 0.2571 0.0032
0.0039 0.1216 0.2784 0.1216 0.4745
0.0039 0.2000 0.7882 0.0039 0.0039
0.3434 0.3057 0.0038 0.0415 0.3057
0.6427 0.0027 0.1360 0.2160 0.0027
0.0054 0.1676 0.6541 0.0054 0.1676
0.0027 0.6877 0.3041 0.0027 0.0027
0.0044 0.1378 0.0044 0.0044 0.8489
0.6426 0.2596 0.0043 0.0043 0.0894
0.0036 0.0036 0.0764 0.5491 0.3673
0.0026 0.0026 0.0026 0.5740 0.4182
0.0415 0.0038 0.2679 0.0038 0.6830
0.0984 0.0032 0.8603 0.0032 0.0349
0.0027 0.9093 0.0027 0.0027 0.0827
0.0023 0.4391 0.4621 0.0713 0.0253
0.0029 0.3217 0.0899 0.5826 0.0029
0.0764 0.7309 0.0036 0.1855 0.0036
0.3128 0.0051 0.0564 0.6205 0.0051
0.0512 0.0047 0.5163 0.1907 0.2372
0.0575 0.3041 0.3863 0.2493 0.0027
0.6043 0.1957 0.1527 0.0452 0.0022
0.0030 0.0030 0.0030 0.4209 0.5701
0.1877 0.0954 0.0031 0.5569 0.1569
0.2193 0.0024 0.0265 0.3639 0.3880
0.0061 0.0061 0.3697 0.0061 0.6121
0.4361 0.4602 0.0024 0.0988 0.0024
0.0027 0.0027 0.4027 0.5893 0.0027
0.2716 0.3015 0.0030 0.2119 0.2119
0.2000 0.0095 0.0095 0.0095 0.7714
0.0639 0.0021 0.6000 0.3113 0.0227
0.7194 0.0030 0.0030 0.0030 0.2716
0.0038 0.0792 0.1547 0.5698 0.1925
0.3176 0.0039 0.0039 0.6706 0.0039
0.0030 0.0328 0.3313 0.5104 0.1224
0.0061 0.0667 0.9152 0.0061 0.0061
0.2155 0.0796 0.1184 0.3515 0.2350
0.0023 0.2092 0.1402 0.1402 0.5080
0.3797 0.1478 0.0029 0.0609 0.4087
0.0022 0.1820 0.6989 0.1146 0.0022
0.2104 0.2623 0.0805 0.1584 0.2883
0.5119 0.4102 0.0373 0.0034 0.0373
0.0027 0.1360 0.4293 0.0027 0.4293
0.0031 0.2185 0.4338 0.3415 0.0031
0.1442 0.5628 0.1442 0.1442 0.0047
0.0035 0.0035 0.4596 0.1088 0.4246
0.0035 0.0386 0.0035 0.0035 0.9509
0.0034 0.3424 0.0034 0.4441 0.2068
0.0265 0.0024 0.5807 0.2916 0.0988
0.0047 0.0977 0.0047 0.0047 0.8884
0.0028 0.0028 0.4535 0.0592 0.4817
0.1319 0.5149 0.0043 0.3021 0.0468
0.0041 0.0041 0.8612 0.0449 0.0857
0.0043 0.0043 0.0468 0.0043 0.9404
0.0031 0.0031 0.0031 0.4031 0.5877
0.0030 0.0627 0.0030 0.1224 0.8090
0.7379 0.0713 0.0023 0.0023 0.1862
0.0027 0.2219 0.2767 0.4959 0.0027
0.6299 0.2119 0.0030 0.0627 0.0925
0.1038 0.0025 0.5848 0.0025 0.3063
0.0431 0.0039 0.5529 0.2784 0.1216
0.0061 0.0061 0.1273 0.0061 0.8545
0.0512 0.0047 0.6558 0.0047 0.2837
0.1024 0.0049 0.1024 0.1512 0.6390
0.0025 0.3063 0.2557 0.4329 0.0025
0.3462 0.4323 0.0022 0.0022 0.2172
0.0044 0.0044 0.9378 0.0489 0.0044
0.5321 0.0415 0.2302 0.1925 0.0038
0.3639 0.0033 0.0361 0.1016 0.4951
0.0038 0.0038 0.6453 0.0038 0.3434
0.0029 0.0319 0.7565 0.0029 0.2058
0.6406 0.2058 0.0899 0.0029 0.0609
0.0710 0.1355 0.5871 0.2000 0.0065
0.0041 0.8204 0.0041 0.0041 0.1673
0.0028 0.0028 0.5380 0.2282 0.2282
0.0449 0.0041 0.4122 0.5347 0.0041
0.2984 0.6590 0.0033 0.0033 0.0361
0.0293 0.2427 0.1627 0.3760 0.1893
0.8105 0.1789 0.0035 0.0035 0.0035
0.8529 0.0023 0.0023 0.1402 0.0023
0.1172 0.0023 0.2552 0.4161 0.2092
0.4067 0.0022 0.0022 0.3169 0.2719
0.0032 0.1937 0.4794 0.3206 0.0032
0.5127 0.3673 0.0036 0.1127 0.0036
0.0049 0.2976 0.4439 0.2488 0.0049
0.0043 0.6851 0.0043 0.0043 0.3021
0.0069 0.0069 0.7655 0.0759 0.1448
0.0030 0.3910 0.4806 0.0030 0.1224
0.0039 0.2784 0.7098 0.0039 0.0039
0.0036 0.0764 0.9127 0.0036 0.0036
0.0038 0.3434 0.0792 0.1170 0.4566
0.0033 0.1344 0.0689 0.3639 0.4295
0.9884 0.0029 0.0029 0.0029 0.0029
0.0041 0.3306 0.2490 0.4122 0.0041
0.0041 0.0041 0.5755 0.4122 0.0041
0.0033 0.0361 0.2000 0.2656 0.4951
0.0020 0.1636 0.6889 0.0626 0.0828
0.2392 0.2392 0.5137 0.0039 0.0039
0.1344 0.3639 0.0033 0.1672 0.3311
0.0020 0.3859 0.0020 0.3253 0.2848
0.0022 0.0452 0.5183 0.0667 0.3677
0.0027 0.0027 0.8293 0.1627 0.0027
0.5458 0.0034 0.0034 0.2068 0.2407
0.3127 0.0310 0.0028 0.3408 0.3127
0.0759 0.2828 0.1448 0.4897 0.0069
0.0049 0.1512 0.1024 0.0537 0.6878
0.0032 0.1937 0.4794 0.2254 0.0984
0.0038 0.1547 0.5321 0.3057 0.0038
0.6935 0.0019 0.0766 0.0206 0.2075
0.0038 0.0038 0.1925 0.4566 0.3434
0.0044 0.0044 0.1822 0.0044 0.8044
0.5111 0.2889 0.0032 0.0032 0.1937
0.0036 0.0036 0.8764 0.0036 0.1127
0.1390 0.3763 0.0034 0.0034 0.4780
0.0925 0.0030 0.4507 0.0030 0.4507
0.0032 0.0032 0.4476 0.4476 0.0984
0.1360 0.4027 0.0027 0.4560 0.0027
0.0560 0.9360 0.0027 0.0027 0.0027
0.0028 0.2845 0.0028 0.4254 0.2845
0.7045 0.1820 0.0018 0.0919 0.0198
0.6039 0.3320 0.0019 0.0602 0.0019
0.2000 0.4535 0.0028 0.0310 0.3127
0.3108 0.1569 0.1569 0.3723 0.0031
0.0602 0.1961 0.6233 0.1184 0.0019
0.4442 0.4442 0.0286 0.0805 0.0026
0.1344 0.6262 0.0033 0.2328 0.0033
0.0041 0.0041 0.6571 0.2898 0.0449
0.0026 0.0026 0.2104 0.2364 0.5481
0.0034 0.0034 0.3763 0.6136 0.0034
0.0034 0.0373 0.4102 0.1729 0.3763
0.0629 0.0057 0.1771 0.7486 0.0057
0.2440 0.4637 0.0681 0.2220 0.0022
0.0049 0.0537 0.2488 0.6878 0.0049
0.6541 0.0054 0.0054 0.1135 0.2216
0.1378 0.0044 0.0044 0.6267 0.2267
0.0036 0.0400 0.0764 0.8036 0.0764
0.0032 0.0349 0.0032 0.0032 0.9556
0.6566 0.2319 0.0018 0.0018 0.1080
0.4378 0.2757 0.0054 0.1135 0.1676
0.0025 0.6198 0.0272 0.0765 0.2741
0.2494 0.0025 0.0765 0.2741 0.3975
0.6225 0.3127 0.0592 0.0028 0.0028
0.0065 0.0065 0.2645 0.2000 0.5226
0.1671 0.1397 0.0301 0.6603 0.0027
0.0569 0.4239 0.0018 0.5156 0.0018
0.0044 0.0044 0.9822 0.0044 0.0044
0.1733 0.3067 0.1924 0.3257 0.0019
0.1097 0.1527 0.6258 0.1097 0.0022
0.2623 0.1844 0.3922 0.1584 0.0026
0.0051 0.3128 0.5692 0.1077 0.0051
0.4076 0.4582 0.0025 0.0025 0.1291
0.5162 0.2686 0.0019 0.0971 0.1162
0.0054 0.0054 0.7622 0.2216 0.0054
0.0629 0.0057 0.4629 0.4629 0.0057
0.1745 0.0043 0.8128 0.0043 0.0043
0.0061 0.0667 0.8545 0.0061 0.0667
0.0065 0.9097 0.0065 0.0710 0.0065
0.0954 0.3723 0.2185 0.0646 0.2492
0.3063 0.2810 0.0025 0.0025 0.4076
0.8247 0.1397 0.0027 0.0027 0.0301
0.0032 0.0984 0.7651 0.0032 0.1302
0.0560 0.0027 0.6960 0.2427 0.0027
0.0361 0.2984 0.3967 0.0033 0.2656
0.4489 0.4933 0.0044 0.0044 0.0489
0.1671 0.4729 0.0729 0.2847 0.0024
0.4963 0.2494 0.0025 0.2494 0.0025
0.0080 0.0080 0.9680 0.0080 0.0080
0.0047 0.0047 0.3302 0.0047 0.6558
0.0047 0.0047 0.5628 0.0047 0.4233
0.0036 0.2945 0.1855 0.0036 0.5127
0.0035 0.2140 0.4596 0.3193 0.0035
0.0373 0.1390 0.8169 0.0034 0.0034
0.0080 0.0080 0.1680 0.2480 0.5680
0.0039 0.0431 0.0431 0.9059 0.0039
0.1789 0.3895 0.0035 0.3193 0.1088
0.0074 0.0074 0.0074 0.9704 0.0074
0.0038 0.3811 0.4189 0.1547 0.0415
0.0039 0.2000 0.3569 0.4353 0.0039
0.0222 0.0020 0.5273 0.4465 0.0020
0.0025 0.0519 0.4222 0.5210 0.0025
0.1319 0.0894 0.3021 0.4723 0.0043
0.0043 0.0043 0.3447 0.4723 0.1745
0.1771 0.0057 0.8057 0.0057 0.0057
0.3697 0.6121 0.0061 0.0061 0.0061
0.0027 0.0027 0.5360 0.0027 0.4560
0.0033 0.1344 0.7902 0.0033 0.0689
0.0043 0.0043 0.0043 0.4298 0.5574
0.2485 0.0061 0.0061 0.7333 0.0061
0.1822 0.4044 0.0933 0.3156 0.0044
0.7926 0.2000 0.0025 0.0025 0.0025
0.0049 0.0537 0.1024 0.7366 0.1024
0.0036 0.3309 0.4764 0.0036 0.1855
0.4295 0.3311 0.2328 0.0033 0.0033
0.0027 0.1397 0.0027 0.0301 0.8247
0.1442 0.6093 0.0047 0.0977 0.1442
0.0054 0.0054 0.2757 0.0054 0.7081
0.0015 0.2681 0.2237 0.3422 0.1644
0.0047 0.3302 0.0047 0.4233 0.2372
0.0349 0.0032 0.8286 0.0984 0.0349
0.0065 0.0065 0.2645 0.7161 0.0065
0.0024 0.0747 0.7735 0.1470 0.0024
0.0028 0.3972 0.1718 0.3690 0.0592
0.1170 0.0415 0.7208 0.1170 0.0038
0.1907 0.0047 0.1907 0.6093 0.0047
0.0024 0.5807 0.0024 0.3880 0.0265
0.0033 0.5934 0.2000 0.0033 0.2000
0.6702 0.0035 0.1789 0.1439 0.0035
0.0057 0.0057 0.7486 0.0057 0.2343
0.0051 0.0051 0.4154 0.2103 0.3641
0.1478 0.0319 0.0029 0.8145 0.0029
0.0054 0.0054 0.0595 0.0054 0.9243
0.2068 0.0034 0.7831 0.0034 0.0034
0.0029 0.0029 0.3217 0.6406 0.0319
0.0039 0.1608 0.7882 0.0431 0.0039
0.6771 0.0265 0.1711 0.0024 0.1229
0.0054 0.1135 0.4919 0.0595 0.3297
0.0033 0.0033 0.9541 0.0033 0.0361
0.0035 0.2842 0.1439 0.4947 0.0737
0.0041 0.0041 0.0041 0.1673 0.8204
0.0027 0.2693 0.1093 0.4027 0.2160
0.0044 0.0933 0.7156 0.1822 0.0044
0.0627 0.0328 0.6896 0.0030 0.2119
0.0038 0.0038 0.5698 0.4189 0.0038
0.0029 0.2058 0.0029 0.0319 0.7565
0.1439 0.0035 0.5298 0.3193 0.0035
0.0057 0.0057 0.9771 0.0057 0.0057
0.0039 0.0039 0.5922 0.3961 0.0039
0.2040 0.1030 0.5475 0.1434 0.0020
0.0041 0.1265 0.3306 0.2898 0.2490
0.0065 0.0710 0.0065 0.0065 0.9097
0.0041 0.1265 0.2490 0.0041 0.6163
0.0054 0.0054 0.7622 0.2216 0.0054
0.0032 0.0032 0.3524 0.3841 0.2571
0.0049 0.0049 0.2976 0.4927 0.2000
0.0031 0.0031 0.7415 0.2492 0.0031
0.3570 0.1701 0.0953 0.3757 0.0019
0.8078 0.1584 0.0286 0.0026 0.0026
0.3393 0.1146 0.0472 0.4742 0.0247
0.0074 0.4519 0.5259 0.0074 0.0074
0.0272 0.0519 0.7185 0.0025 0.2000
0.1406 0.1406 0.0020 0.3782 0.3386
0.1319 0.0043 0.0468 0.8128 0.0043
0.3972 0.2000 0.2282 0.1718 0.0028
0.4254 0.5662 0.0028 0.0028 0.0028
0.1402 0.3471 0.4621 0.0253 0.0253
0.3313 0.0030 0.6597 0.0030 0.0030
0.0061 0.5515 0.1879 0.0667 0.1879
0.0041 0.3306 0.2082 0.4531 0.0041
0.2488 0.0537 0.2000 0.0049 0.4927
0.5246 0.0029 0.0029 0.0029 0.4667
0.3434 0.4189 0.2302 0.0038 0.0038
0.2372 0.0047 0.0047 0.0047 0.7488
0.0031 0.0031 0.7415 0.0031 0.2492
0.5104 0.1821 0.0030 0.3015 0.0030
0.1291 0.3063 0.2304 0.1038 0.2304
0.6218 0.3673 0.0036 0.0036 0.0036
0.1788 0.0549 0.0726 0.3558 0.3381
0.1925 0.0038 0.4189 0.3811 0.0038
0.0047 0.2837 0.0512 0.2837 0.3767
0.1127 0.0036 0.0036 0.6945 0.1855
0.0044 0.0044 0.0044 0.0044 0.9822
0.0827 0.0827 0.2160 0.2960 0.3227
0.0029 0.2058 0.7275 0.0609 0.0029
0.1442 0.0047 0.5163 0.3302 0.0047
0.0038 0.0038 0.1170 0.5321 0.3434
0.0035 0.0035 0.2491 0.5298 0.2140
0.0087 0.0087 0.2696 0.0957 0.6174
0.0041 0.2082 0.7388 0.0449 0.0041
0.1797 0.0025 0.0025 0.0278 0.7873
